445
3389
6881
5559
80
135
6619
1433
25
161
445
3389
6881
5559
80
135
6619
1433
25
161
445
3389
6881
1024
80
35691
51413
5559
3101
135
445
3389
6881
1024
80
35691
51413
5559
3101
135
445
3389
6881
1024
80
35691
51413
5559
3101
135
445
3389
6881
1024
80
35691
51413
5559
3101
135
445
3389
6881
1024
80
35691
51413
5559
3101
135
445
3389
6881
1024
80
35691
51413
5559
3101
135
445
3389
6881
1024
80
35691
51413
5559
3101
135
445
3389
6881
1024
80
35691
51413
5559
3101
135
445
3389
6881
1024
80
35691
51413
5559
3101
135
445
3389
6881
1024
80
35691
51413
5559
3101
135
445
3389
6881
1024
80
35691
51413
5559
3101
135
